All tests in simulation with 1000 trials, MCS 0, ncp=16, length=100 bytes
git ref 9310736b1e19701de751c9359b321a4a9dfab8d7

ts_reps     success @1dB    success @2dB    success @3dB    success @4dB    success @5dB    success @6dB    success @7dB    success @8dB
 1          0.000           0.000           0.017           0.112           0.320           0.562           0.772           0.865
 2          0.001           0.081           0.365           0.692           0.865           0.957           0.976           0.988
 3          0.026           0.284           0.643           0.865           0.953           0.984           0.996           1.000
 4          0.086           0.383           0.750           0.914           0.978
 5          0.141           0.495           0.789           0.928           0.989
 6          0.182           0.581           0.840           0.948           0.984
 7          0.228           0.621           0.866           0.947           0.982
 8          0.216           0.609           0.846           0.957           0.992
 9          0.256           0.627           0.867           0.971           0.994
10          0.282           0.673           0.891           0.965           0.991
